0.5731370745170193
0.6954921803127875
0.5768169273229071
0.6071757129714811
0.5335786568537259
0.5740570377184913
0.5887764489420423
0.5381784728610856
0.5225390984360626
0.5271389144434223
0.7010119595216191
0.5262189512419503
0.5731370745170193
0.5427782888684453
0.5326586936522539
0.5271389144434223
0.5280588776448942
0.5565777368905244
0.655933762649494
0.5354185832566697
0.53081876724931
0.5519779208831647
0.5455381784728611
0.5409383624655014
0.5731370745170193
0.546458141674333
0.5289788408463661
0.7470101195952162
0.6062557497700092
0.5556577736890524
0.5271389144434223
0.5409383624655014
0.6504139834406624
0.5418583256669733
0.5409383624655014
0.5289788408463661
0.5850965961361545
0.577736890524379
0.7046918123275069
0.531738730450782
0.5289788408463661
0.5427782888684453
0.5492180312787488
0.5381784728610856
0.5823367065317387
0.5289788408463661
0.5271389144434223
0.5657773689052438
0.546458141674333
0.5409383624655014
0.5501379944802208
0.5243790248390064
0.5252989880404784
0.5501379944802208
0.53081876724931
0.5344986200551978
0.5390984360625575
0.5418583256669733
0.5556577736890524
0.5501379944802208
0.5289788408463661
0.53081876724931
0.5436982520699172
0.5354185832566697
0.5289788408463661
0.5289788408463661
0.5298988040478381
0.53081876724931
0.6522539098436062
0.5455381784728611
0.5289788408463661
0.5740570377184913
0.5758969641214351
0.7874885004599816
0.531738730450782
0.5915363385464582
0.5372585096596136
0.5446182152713891
0.5722171113155474
0.609015639374425
0.546458141674333
0.5593376264949402
0.5390984360625575
0.5455381784728611
0.5289788408463661
0.5243790248390064
0.546458141674333
0.5280588776448942
0.6531738730450782
0.5372585096596136
0.5694572217111316
0.5593376264949402
0.5823367065317387
0.5961361545538179
0.5841766329346826
0.5795768169273229
0.5271389144434223
0.5547378104875805
0.5363385464581417
0.5427782888684453
